11111111111111111111111111111111111111111111111111
10000000110000000000000000000000000000000000000001
10000000110000000000000000000000000000000000000001
10000000110000000000000000000000000000000000000001
10000000110000000000000000000000000000000000000001
10000000110000000000000000000000000000000000000001
10000000110000000000000000000000000000000000000001
10000000110000000000000000000000000000000000000001
10000000110000000000000000000000000000000000000001
10000000110000000000000000000000000000000000000001
10000000110000000000000000000000000000000000000001
10000000220000000000000000000000000000000000000001
11112111110000000000000000000000000000000000000001
10000000110000000000000000000000000000000000000001
10000000110000000000000000000000000000000000000001
10000000110000000000000000000000000000000000000001
10000000110000000000000000000000000000000000000001
10000000110000000000000000000000000000000000000001
10000000110000000000000000000000000000000000000001
10000000110000000000000000000000000000000000000004
10000000110000000000000000000000000000000000000001
10000000110000000000000000000000000000000000000001
10000000110000000000000000000000000000000000000001
10000000110000000000000000000000000000000000000001
11111111111111111111111111111111111111111111111111
10000000000000000000000000000000000000000000000001
10000000000000000000000000000000000000000000000001
10000000000000000000000000000000000000000000000001
10000000000000000000000000000000000000000000000001
11111111111111111111111111111111111111111111111111
